pivot: (0, 0)
pivot: (1, 2)
pivot: (2, 5)
pivot: (3, 5)
pivot: (4, 4)
pivot: (5, 5)
P:
[[ 1.  0.  0.  0.  0.  0.]
 [ 0.  0.  1.  0.  0.  0.]
 [ 0.  0.  0.  0.  0.  1.]
 [ 0.  1.  0.  0.  0.  0.]
 [ 0.  0.  0.  0.  1.  0.]
 [ 0.  0.  0.  1.  0.  0.]]
A:
[[ 1.          0.5         0.33333333  0.25        0.2         0.16666667]
 [ 0.5         0.33333333  0.25        0.2         0.16666667  0.14285714]
 [ 0.33333333  0.25        0.2         0.16666667  0.14285714  0.125     ]
 [ 0.25        0.2         0.16666667  0.14285714  0.125       0.11111111]
 [ 0.2         0.16666667  0.14285714  0.125       0.11111111  0.1       ]
 [ 0.16666667  0.14285714  0.125       0.11111111  0.1         0.09090909]]
L:
[[ 1.          0.          0.          0.          0.          0.        ]
 [ 0.33333333  1.          0.          0.          0.          0.        ]
 [ 0.16666667  0.71428571  1.          0.          0.          0.        ]
 [ 0.5         1.         -0.93333333  1.          0.          0.        ]
 [ 0.2         0.8         0.85333333 -0.14285714  1.          0.        ]
 [ 0.25        0.9         0.56       -0.21428571  1.125       1.        ]]
U:
[[  1.00000000e+00   5.00000000e-01   3.33333333e-01   2.50000000e-01
    2.00000000e-01   1.66666667e-01]
 [  0.00000000e+00   8.33333333e-02   8.88888889e-02   8.33333333e-02
    7.61904762e-02   6.94444444e-02]
 [  0.00000000e+00   0.00000000e+00   5.95238095e-03   9.92063492e-03
    1.22448980e-02   1.35281385e-02]
 [  0.00000000e+00   0.00000000e+00   0.00000000e+00   9.25925926e-04
    1.90476190e-03   2.70562771e-03]
 [  0.00000000e+00   0.00000000e+00   0.00000000e+00   0.00000000e+00
   -1.81405896e-05  -4.63821892e-05]
 [  0.00000000e+00   0.00000000e+00   0.00000000e+00   0.00000000e+00
    0.00000000e+00   6.44197073e-07]]
diff:
[[  0.00000000e+00   0.00000000e+00   0.00000000e+00   0.00000000e+00
    0.00000000e+00   0.00000000e+00]
 [  0.00000000e+00   0.00000000e+00   0.00000000e+00   0.00000000e+00
    0.00000000e+00   0.00000000e+00]
 [  0.00000000e+00   0.00000000e+00   0.00000000e+00   0.00000000e+00
    0.00000000e+00   0.00000000e+00]
 [  0.00000000e+00   0.00000000e+00   0.00000000e+00   0.00000000e+00
    0.00000000e+00  -2.77555756e-17]
 [  0.00000000e+00   0.00000000e+00   0.00000000e+00   0.00000000e+00
    0.00000000e+00   0.00000000e+00]
 [  0.00000000e+00   0.00000000e+00   2.77555756e-17   0.00000000e+00
    0.00000000e+00  -1.38777878e-17]]
